foo: 2021-05-08 01:25:00.185298 | (('Hello',), {}) | Hello, world
line_hash: 2021-05-08 01:25:03.042680 | (('result.txt',), {}) | <generator object line_hash at 0x000001D8C09B1BA0>